2.243145073044166438e+00
2.664955657708220738e+00
3.195638053555420299e+00
3.566219957530059936e+00
3.141341230981765431e+00
2.051934794248106098e+00
2.100343435397409309e+00
1.408080230706948877e+00
1.259042768084928321e+00
5.828765638198087767e-02
3.875486793912064964e+00
6.232621538451151189e+00
2.090332603290438129e+00
2.627760089037754820e+00
1.048119696547717528e+00
1.875101529767484232e+00
3.799080039023701172e+00
2.760782786094116315e+00
2.329687319183979977e+00
2.153806286376612977e+00
2.249660619937715822e+00
1.744278109466945059e+00
1.806911486778664200e+00
9.857422000792374073e-01
2.605148203390016626e+00
2.271519701818119241e+00
1.928383940122638807e+00
2.436578652317245464e+00
1.705843135168823466e+00
1.680624201654053129e+00
2.422572908470808972e+00
2.736606723909962735e+00
2.871901670776573656e+00
1.890282929792855171e+00
7.905771537970969209e-01
2.359074764108367361e+00
1.910414625601777328e+00
2.044318924660569969e+00
5.321652681054553469e+00
3.885094686245889495e+00
5.996721522236862778e-02
3.561801618966170757e+00
1.772088376300871015e+00
3.524092998046940206e+00
4.385662605169861727e+00
1.023709695396610719e+00
1.700959470110405380e+00
4.112431518176430600e+00
3.914837896075823220e+00
1.127324533637613335e+01
2.017920888189458140e+00
3.323006675655191700e+00
3.719449916920613219e+00
2.296607977671153655e+00
2.046714102192103368e+00
3.264305457062625315e+00
1.727308002522137675e+00
9.861030711462080989e-01
1.154580681969861189e+00
2.984616343247429970e+00
3.076457234454433198e+00
1.480374692204035725e+00
1.879793686205709857e+00
2.082068260919948788e+00
1.285417917439972912e+00
3.076462763078737783e+00
5.777796145551392648e+00
6.574352690361781049e-01
2.154280027489666516e+00
1.231575297448447737e+00
2.618886869864860856e+00
1.697907714417494995e+00
3.262911691785790769e+00
2.362270220682822774e+00
1.186611380076578959e+00
2.626181117272795351e+00
1.940527227599925242e+00
1.670605845440605863e+00
2.135013989224009201e+00
3.072198019996608132e+00
5.452980017676955171e+00
3.457971327618465374e+00
2.508332032344987361e+00
1.828205438346502731e+00
6.977230555339324347e+00
2.635264323722516178e+00
2.877423251866805920e+00
3.924456256341980254e+00
3.284466801599536190e+00
9.992826228472188044e-01
2.443181694841338736e+00
2.573412286817601036e+00
1.699731358851365837e+00
2.873943741183001332e+00
2.144366082737323875e+00
2.007694343049592600e+00
1.315859778495297006e+00
2.281928147949362273e+00
2.530157663706346316e+00
2.639515408879522074e+00
2.148234390126329441e+00
1.576128612308274279e+00
8.200883486066672390e-01
2.356457351041067572e+00
1.969428291207107717e+00
3.231172519088939765e+00
2.064987342147202920e+00
3.449336566972362128e+00
3.072333860524389504e+00
3.244560084485152540e+00
3.053010108128315636e+00
1.984722367799844456e+00
3.302921250412080401e+00
2.075714089255766392e+00
1.863190165729132763e+00
3.608210224702691704e+00
2.500165877869775954e+00
2.711775754621582823e+00
1.554063413621846967e+00
1.968237312290337160e+00
8.287180171530891259e-01
3.513005986269412517e+00
1.200231038856407029e+00
3.353078093866991960e+00
5.240365590021367481e+00
2.411693590074675431e+00
2.735739627207622870e+00
1.690819806223417432e+00
2.758809644792790561e+00
3.198208092552218940e+00
2.076451772969871268e+00
2.127287609719534789e+00
2.286952973070187412e+00
3.586318669672643900e+00
1.614802072435868263e+00
2.748408807093068340e+00
2.269594424434960178e+00
2.666525526998674511e+00
1.726128090546843463e+00
2.363727586868229924e+00
3.063864577122708877e+00
6.100673033749042240e-01
2.716306560269766912e+00
3.096067125075842252e+00
2.026978190073627673e+00
2.679782033738130842e+00
3.315176892636687356e+00
1.897244992044278433e+00
3.687936693533754973e+00
2.467646448881952281e+00
2.942179607216051984e+00
5.929505505467269622e+00
2.265227489222445989e+00
3.824034268348345478e+00
2.941908353389655062e+00
2.034534985988227351e+00
2.946594805320057464e+00
3.118433893952489822e+00
1.536420199362783290e+00
2.091102611783377530e+00
7.390129440199361133e-01
2.221748498668890903e+00
1.898523125963657909e+00
3.248481997915474651e+00
3.248961258420696829e+00
3.747333252646557700e+00
4.770472325825870108e+00
2.507555787995060292e+00
3.116662944681777070e+00
2.911818939062729594e+00
2.118421936035114861e+00
1.344243830913668392e+00
2.918212499160039997e+00
4.707022741937224808e+00
2.149581894795549175e+00
2.137788497366342355e+00
2.956663758216490745e+00
3.057378512923238034e+00
1.988527192903971619e+00
3.819589291363531647e+00
1.608462885110228280e+00
3.414539948144255099e+00
1.738842115463061333e+00
3.055571073636984991e+00
2.900347054785970435e+00
3.024384585147613436e+00
1.879191841280458686e+00
1.336501196596248331e+00
3.825685620424368771e+00
1.828467317881871113e+00
4.970670065687530226e+00
2.425590863435115541e+00
1.899562655281383572e+00
1.048566082892418816e+00
8.695760694565485283e-01
2.137306369533813033e+00
2.384817091250304166e+00
1.915031820159767584e+00
-4.412253691993179433e-02
2.989840811477060267e+00
3.186311363327108737e+00
2.385231842642856481e+00
4.374453639391378879e+00
2.132260784000026721e+00
6.348763331648873631e+00
8.338881976104002280e-01
1.179277864789142205e+00
1.731378601155835639e+00
3.398444992540509801e+00
2.737661191900357949e+00
1.365127165438805967e+00
3.536819638016682088e+00
4.106564798938087790e+00
2.158211972223499142e+00
2.056264557928768166e+00
1.239388576810011688e+00
5.244949695629407493e+00
1.386120996258370486e+00
2.049327863981248221e+00
3.721699924887605260e+00
3.973975286246790084e+00
4.999202080562620054e+00
4.609519849521009682e+00
4.873615303903245710e+00
2.212589065236012953e+00
4.915667678854137357e+00
1.829924220314790961e+00
1.788759223397317522e+00
2.031009535812890565e+00
2.378764379198056389e+00
2.182277699169428153e+00
3.377010665325656635e+00
2.269714692400032874e+00
3.200094243895427404e+00
3.002436442002327954e+00
2.891685824664207871e+00
1.718909955050125227e+00
5.307353594233648941e+00
1.607670464977293490e+00
3.606137203782374456e+00
1.716249271052926240e+00
1.579310116858007706e+00
3.497197500786254132e+00
2.898910363247814370e+00
2.796465915268051550e+00
2.343147181902606402e+00
4.255344625579570383e+00
1.734277783958039665e+00
1.048004952173254178e+00
1.581798000593988451e+00
2.751756767445048713e+00
4.117351221010506768e-01
1.968321228629345887e+00
3.152200919985008731e+00
6.130870978915177183e+00
1.677486402074020777e+00
2.571256189594972152e+00
2.881602341040600201e+00
3.973108019049868211e+00
3.378113639463983908e+00
3.352166613818652330e+00
2.205746342449582897e+00
5.307384689206088524e+00
4.641589124560597135e+00
3.206404880431718230e+00
2.368185333186961117e+00
2.332103234144334625e+00
1.786545964906447681e+00
1.256912353391670623e+00
4.714999622187124650e+00
1.281043404708362088e+00
3.901587123835502435e+00
1.289241930958059390e+00
3.219815782186965070e+00
3.012492362012739289e+00
4.241933081560004482e+00
2.912762017768639744e+00
5.180954669404850499e+00
1.301352175079026230e+00
2.580481783800219642e+00
2.575568652931279345e+00
2.644777883424330955e+00
2.226974911150289227e+00
2.955750469679648162e+00
3.673615444320298629e+00
3.872638159314489847e+00
1.748631459863577042e+00
1.724572790587864501e+00
2.604260103599589815e+00
3.674111349499126877e+00
2.591112076451144386e+00
1.604333253677898918e+00
1.607691224103696248e+00
1.660035301161506993e+00
2.158101811501725198e+00
1.216641386040834494e+00
3.458390781322182583e+00
2.693495515214856972e+00
1.153155333503894209e+00
1.972538417799840849e+00
5.623852999647461104e+00
1.833186122287015385e+00
3.695763161618201398e+00
4.124019324628643623e+00
3.025090176035239775e+00
2.116244384550417745e+00
1.169622857492093937e+00
2.697518714449191446e+00
3.375513084398566566e+00
3.391429080050480938e+00
5.351917970556869797e+00
2.084555176607284288e+00
3.132259960309222713e+00
2.778895882460542310e+00
1.825369821161682671e+00
2.547309840757980393e+00
1.910562020891795942e+00
2.122304841754328208e+00
4.198717830474348212e+00
1.808457220931000142e+00
4.079947969613733960e+00
2.040404351828304819e+00
2.445159236186591034e+00
2.132635862714581165e+00
2.381275383369784837e+00
3.912240449178931101e+00
5.044001328056791245e+00
3.727849359267025875e+00
3.123773838879414289e+00
2.142715134855029291e+00
1.423329530138291998e+00
2.594880462098620999e+00
1.561301226807712661e+00
2.003724998717093975e+00
2.305811828382114292e+00
2.446787614742519601e+00
3.972684629256281408e+00
3.088560069768132799e+00
2.352105707377123434e+00
2.737085327829150927e+00
7.630574320322073056e+00
2.763928360647562865e+00
1.950680435222191367e+00
4.259878020648918628e+00
7.410050021517003316e+00
1.428637050310724632e+00
2.920242106822413142e+00
7.583748176507782546e+00
2.239512507847881029e+00
1.163299678571670270e+00
3.130758599741507719e+00
7.018745117968111513e-01
2.032344368202688045e+00
1.087009777118325582e+00
3.143263272606241721e+00
1.710450685925125391e+00
2.436683231180032383e+00
3.373079156727447625e+00
1.486329275424600693e+00
2.128331224214119910e+00
3.846931581277234891e+00
1.837839747168939830e+00
2.687396958274353320e+00
2.687547908883035852e+00
3.493782935996915917e+00
3.576829055532329438e+00
2.713122176780437211e+00
3.507371769445192911e+00
1.376818529815230230e+00
1.999494138136906463e+00
2.391933105984267449e+00
1.821410632689978160e+00
2.964703225907541650e+00
2.856361065725580239e+00
2.170543926444164384e+00
1.505102162026852541e+00
2.379218340162318146e+00
1.150598403767663314e+00
1.609612335270335759e+00
2.125562344444949847e+00
1.217183730772754213e+00
3.801691017298174380e+00
9.419224295840922245e-01
1.295149536776023069e+00
1.583401225432941484e+00
8.684867896571525359e-01
1.606971443142652278e+00
1.414754149776189518e+00
1.958875568281016832e+00
2.182249760459316512e+00
2.865477610813598641e+00
3.080895406164315453e+00
1.614291441441304320e+00
2.161747719667100665e+00
2.597918457949337068e+00
3.027873487212161763e+00
2.098871617826595593e+00
6.233077019585049783e+00
6.072419875633852548e+00
1.816173590754257550e+00
1.025757708552065273e+00
1.450745814462630401e+00
1.994127795916995849e+00
1.815432808383449892e+00
1.907639984496147800e+00
2.110142152395654946e+00
2.929299046372436433e+00
1.935375108498524233e+00
2.990195951171475741e+00
2.536123742998520836e+00
1.604655581432133937e+00
2.829097621969447474e+00
2.645754504289030251e+00
3.556769554780167653e+00
1.814390103534877285e+00
4.148402851447864359e-01
8.284384024713417061e-01
2.666191410669064066e+00
2.776481012127990144e+00
3.910988810627256562e+00
8.743071754991238453e-01
4.897903781341322649e+00
2.851768957313686403e+00
3.572430111106188022e+00
1.742793170148187132e+00
3.433132312276869325e+00
2.738237014157597127e+00
4.017393291031191360e+00
2.610269059602467134e+00
3.929622380200162635e+00
4.880895155344282088e+00
1.893138778933191935e+00
1.512064329963085818e+00
4.880522564939040464e+00
1.355660745260505839e+00
2.912692224911539007e+00
3.972584080398796846e+00
1.424658461219093508e-01
2.786094142391837281e+00
1.806966739551733925e+00
2.702864639171569827e+00
2.305510635722193502e+00
1.856508643288887983e+00
1.475243383680466147e+00
8.548280119228620633e-01
1.871679555796752936e+00
1.435823659800267604e+00
2.109348402170288850e+00
2.959298033397027794e+00
2.062193671320956323e+00
2.080520639414163764e+00
1.927141311069256346e+00
4.891057566777726073e+00
2.456915606841081345e+00
1.961029570517464515e+00
4.176479836225971631e+00
2.306286695355622474e+00
3.008051563529347217e+00
4.813126939038171459e-01
1.710135515787434279e+00
2.364338602740777784e+00
1.262023529784271902e+00
1.774108489575459524e+00
1.855522171681616816e+00
1.657758281684164503e+00
2.345951697949852477e+00
2.644690985439832609e+00
2.294753885440814489e+00
2.438333944246212859e+00
2.800155446490174782e+00
2.409032406059012477e+00
2.367103670043237962e+00
4.184003269135896375e+00
1.970245707808948143e+00
2.369916727613613272e+00
1.801136650846308918e+00
1.993999822470180927e+00
2.080451452180096084e+00
1.009100757664076697e+00
1.852724987792635947e+00
1.452507859216674024e+00
2.067073116441208391e+00
4.020612792300253702e+00
3.407058160169469829e+00
5.870062260759750572e+00
1.824676604213119946e+00
4.349631186991567589e+00
2.849741926476045073e+00
2.160973220945619833e+00
5.501355068225739053e+00
4.466079457811094500e+00
2.071562423657887564e+00
2.685560368465813585e+00
1.212078999648354749e+00
1.455280542961160162e+00
2.989154866015734324e+00
1.658411509490400393e+00
1.879822830655366150e+00
3.097151399057171073e+00
2.955356592953895856e+00
2.391164997196027819e+00
1.281346433376680860e+00
1.478914334174602629e+01
1.165592990316473454e+00
3.138206468508972780e+00
3.879552735896177218e+00
1.624342197189485804e+00
2.454714701334414162e+00
-6.684288881475305977e-02
2.839171944517801638e+00
3.809280541037904477e+00
2.449201173671230247e+00
2.273796872097026966e+00
2.936805348909997448e+00
2.824810993629572664e+00
1.921377498125655503e+00
5.671851913228142195e+00
9.756918146428766869e-01
1.701220535942523426e+00
2.980732792782156526e+00
4.475422815338886195e+00
2.823637472669989545e+00
3.510568044200504723e+00
1.509285247735536961e+00
3.327152669535494489e+00
1.663638056521461683e+00
1.565900329375252698e+00
2.050230334602384907e+00
2.089476040755145814e+00
2.906993507355130291e+00
2.559458984115984270e-01
2.120874801332034654e+00
4.863714211216348282e+00
2.485856886318840608e+00
3.240246182646022266e+00
2.934613215843066669e+00
1.970612085349597642e+00
1.565875143467416297e+00
3.846800089371260167e+00
2.818322651423384784e+00
8.943942838221564662e-01
2.737335682793902603e+00
1.997816464755600929e+00
2.600795382705570979e+00
1.672808107543758638e+00
1.623889142699288968e+00
3.159530287698314677e+00
1.385626163103828024e+00
2.649706237681263676e+00
2.753938416287697866e+00
4.256966309685390470e+00
5.532400589610497743e-01
2.817858925662295011e+00
2.955124080181822155e+00
3.311008088596345100e+00
2.552613055531209874e+00
3.069943048591270429e+00
5.987840524420919408e+00
2.381347134631179419e+00
3.677108742474360703e+00
4.368875880372738330e+00
1.350824854560596533e+00
2.232497045824096027e+00
3.329049705950200888e+00
3.066804403069677498e+00
9.708982966405175219e-01
2.818139538275061362e+00
2.097299349918728240e+00
1.743547484983559492e+00
3.106414257476687979e+00
4.036862961029538788e+00
3.441807484645271753e+00
2.534903998440079409e+00
2.407940964702153241e+00
3.143133837245629891e+00
2.032758545092574476e+00
1.047598195829662737e+00
4.997912840287985325e+00
1.048667962763245809e+00
1.199254307938437236e+00
2.300264040544333977e+00
2.265086224915296764e+00
2.235172003206475466e+00
2.326426961676814287e+00
1.906641836907919885e+00
6.192380816254001275e+00
1.510246640661624395e+00
2.726247852935881788e+00
2.813957420605055493e+00
2.115450582209615071e-01
2.829518908375966646e+00
1.551376815964511158e+00
2.555402420501958538e+00
3.394694842585082917e+00
3.745439123924824365e+00
3.209464278365445455e+00
1.350631638872464624e+00
3.038202636534612200e+00
1.367378860958069486e+00
4.187604089068388546e+00
1.574821423250703845e+00
4.365303404636617479e+00
4.210944413842917733e+00
3.749938906714211040e+00
9.433081351028906880e+00
1.330974976942603361e+00
4.721399558809251218e+00
3.733520713616788278e+00
1.934618308276077281e+00
3.943120150853763217e+00
3.775558334267755445e+00
1.348699550239508049e+00
2.667382307561250165e+00
3.135542045324687166e+00
1.769396760246541023e+00
1.646284520846973853e+00
3.014408660640468973e+00
1.379964143511123842e+00
2.684166338538088503e+00
1.589004481915466727e+00
1.225903498436109018e+00
3.583245213287073572e+00
1.326268024931068101e+00
1.018538927335486122e+00
2.751662790689654248e+00
9.618148648268860512e-01
3.413239824868592454e+00
1.150630986094550945e+00
2.624845165734340124e+00
2.954643949843157591e-01
3.641978799661796273e+00
2.649117687632444706e+00
1.740738149307117455e+00
2.229046076138789356e+00
1.589669486682146138e+00
2.663917859696305346e+00
4.109132962386158106e+00
1.186650837758489008e+00
4.804263919387002701e+00
2.992136936904356670e+00
3.368078458633661398e+00
2.086165307099020483e-01
2.308203567715156890e+00
3.551439916989216794e+00
2.943967071891331333e+00
2.341526100209859962e+00
2.682867875952467784e+00
2.201774953024102199e+00
2.569750844407395096e+00
1.160656141954733434e-01
1.568042872026313539e+00
2.857320367512948600e+00
3.857476174389549151e+00
2.572780895227993803e+00
2.075953652606475686e+00
2.060900785014069481e+00
4.090770456020127455e+00
2.693994666520394876e+00
2.439952360553568234e+00
1.873762589918937627e+00
2.499091196866153997e+00
1.076484229353052102e+00
4.767888582346169635e+00
5.245052554540396095e+00
3.836918226217407746e+00
6.913435783015317027e-01
6.605121850467222666e-01
2.264214316233244428e+00
2.512067184230534878e+00
1.879343013499382486e+00
4.027006198381744895e+00
2.511224558158108966e+00
3.064034345816901261e+00
2.848039112246738114e+00
4.749281156997457565e+00
3.455599134459499844e+00
2.024323480126811514e+00
2.307446904524386166e+00
4.745650224401462225e+00
4.561351781251059556e+00
3.212931122532503014e+00
2.775000574327717295e+00
2.938517694541067815e+00
3.194329678716959720e+00
4.085088957045523550e+00
1.730576800995325071e+00
3.016299779756678845e+00
2.632522240113419176e+00
2.948368145177980182e+00
2.155429289695339090e+00
2.590901703997690930e+00
3.193394289343854719e+00
5.301909089222756055e-01
4.742520664200943870e+00
2.704597038789410934e+00
3.271647928697188235e+00
1.165643586273520160e+00
1.790588567686775212e+00
3.617553969966583072e+00
4.190610754787675418e+00
3.456058384921688820e+00
1.777138307710714349e+00
1.001403032396230630e+00
2.008576916110511590e+00
3.515102781079006089e+00
3.645521045245295966e+00
4.290595618156817892e+00
4.667810516031568824e+00
5.009101098964173104e+00
1.567928799087984659e+00
3.038315212374592011e+00
1.721566060708701995e+00
2.554653527745487818e+00
3.024680037387967424e+00
3.075381699500655319e+00
1.158575822557897483e+00
1.657441992576174972e+00
2.086974311688116757e+00
6.054112441989168758e+00
6.259884867335356873e+00
3.121368787581136672e+00
3.031892702087560121e+00
2.231655648596229558e+00
1.870008567955258050e+00
5.752801737390581316e+00
2.579597214671883521e+00
2.545304058187639829e+00
3.259257841134611589e+00
3.609946621879351891e+00
2.302508891850069350e+00
3.908673772231114008e+00
2.068914018385186182e+00
1.952670993901989505e+00
1.435243676010170111e+00
7.636924677405709794e+00
2.588755116480490059e+00
1.893741931548049928e+00
2.039271460136221847e+00
1.398950770258450715e+00
2.651098643348610118e+00
2.063672036583457547e+00
3.032529253372719058e+00
5.812228415842962903e+00
2.311472841518321442e+00
2.894552223391114065e+00
1.990827563023967572e+00
3.281243882437403503e+00
2.890512554434573111e+00
1.441508590519979593e+00
2.670793154870450437e+00
2.631116387764048881e+00
3.795876030146102753e+00
2.081679198375137041e+00
2.309260913137172189e+00
1.750662208004357012e+00
2.394188531844030354e+00
2.322137710625041152e+00
1.609613282440593540e+00
1.449960756980400278e+00
3.881101795139916710e+00
2.136277405109452854e+00
1.591869212011377321e+00
2.047034736169118574e+00
3.250712103089443250e+00
4.852398664019796470e+00
2.145373633690666804e+00
3.071943917904113697e+00
2.510880972684512269e+00
2.557358329644162431e+00
3.977193090240331408e+00
1.539239685568240201e+00
3.089120961158147161e+00
4.583525726238455889e+00
2.286021644361954319e+00
4.401467155123552466e+00
2.062349287013117038e+00
2.220343092773298554e+00
6.458520839118387258e+00
2.917170423487895459e+00
4.606242303728346421e+00
1.919384385988638808e+00
1.888736905194769555e+00
2.769321782896991824e+00
3.559061432931875490e+00
2.591114308849520764e+00
7.158172831239343337e-01
3.357923973547459084e+00
1.782329621382783724e+00
1.992602830106034562e+00
3.150712898223280156e+00
2.140418771753514804e+00
2.134684665531635606e+00
4.065746122287808184e+00
1.833745013875472951e+00
3.264501591172845885e+00
2.138769404557262721e+00
4.579040261069658335e+00
1.050401564067145133e+00
3.431796469422771168e+00
5.346665786121464592e+00
3.014497952919006796e+00
5.968491370761027426e+00
1.148713939308282583e+00
2.393770031301249102e+00
1.499164776980933311e+00
2.676575496687086719e+00
2.149779017068615516e+00
1.911525331772369496e+00
2.067252356144591463e+00
5.135387179187564932e+00
2.658460371239591336e+00
2.341061120878627388e+00
2.640603881261248453e+00
1.707957101881473871e+00
3.408790369940601916e+00
2.450604011276794836e+00
2.705227380693585371e+00
5.676671677337864708e+00
2.721961890869910583e+00
1.135370620835494559e+00
1.220581971634268070e+00
2.029339144945077500e+00
2.623589970838509089e+00
1.766190980321453496e+00
1.450723853930850238e+00
5.022362341387427431e-01
1.918446515116845275e+00
5.427989953954321045e+00
2.681917418091624761e+00
1.042770123027064511e+00
3.283455403882213908e+00
3.969134988178273815e+00
4.780308489567852703e+00
3.639380432541579502e+00
2.200295806961196199e+00
3.134100335265871617e+00
1.183090988293139745e+00
3.131360355019407127e+00
2.066452944494475030e+00
3.390507350589452962e+00
2.139506570834884602e+00
1.898688753809351981e+00
1.824695973261854842e+00
3.020499934805084052e+00
2.765280248782360673e+00
3.456009345209272610e+00
2.425950871767637462e+00
3.194433359785298965e+00
3.785298273662259128e+00
1.644092485211946730e+00
2.494831700204076963e+00
7.602624371440763973e+00
3.455939902433858180e+00
2.425908833816744714e+00
3.568582435833787869e+00
2.175809181866636077e+00
4.091421834848554262e+00
2.047422133560419688e+00
2.278550580464510311e+00
3.132601908336480445e+00
3.021083725727427449e+00
1.867865772347026221e+00
1.833130355861314564e+00
2.995276365763294812e+00
6.274306087421197553e+00
1.194571862128466444e+00
3.442507303157726462e+00
3.627829420613619238e+00
2.270729858678334878e+00
2.273776625961826170e+00
2.258030303529884097e+00
2.764275244904761397e+00
3.562876985985992118e+00
3.665496361062434705e+00
3.267951889286239808e+00
2.763862692382399899e+00
1.498494910005005787e+00
2.751901259677271838e+00
1.914025952922103091e+00
2.621517452073038879e+00
1.963234462407094094e+00
2.175949742455918656e+00
1.190621109491537544e+00
2.708355932123665877e+00
2.881058290976379332e+00
3.519310232344126987e+00
2.785219305973873460e+00
2.445675528357923678e+00
4.099227779836726704e+00
3.856871783227993067e+00
3.277136095252062731e+00
4.721019821872888933e+00
1.690224836734450564e+00
1.126678841241233631e+00
2.903553559191467848e+00
4.563915607760018922e+00
2.839431424222551126e+00
1.516687943416773265e+00
3.787725338133475894e+00
7.934822691513353510e-01
2.034788574750224566e+00
5.163319860527665561e+00
2.300026925393706012e+00
1.931070506479976912e+00
2.630004157333287740e+00
3.106345328082033230e+00
1.627145048597070209e+00
3.181772147936293482e+00
2.751317730716189125e+00
1.676711776298055900e+00
1.188235221821574816e+00
2.084855489996364941e+00
2.587248179210666077e+00
1.480527657505748662e+00
2.221914570402692579e+00
2.891899483170466745e+00
1.393441955460017478e+00
2.933101262098130491e+00
1.471895170574902156e+00
1.814846345206321931e+00
2.107415082088891722e+00
1.936962731039204133e+00
4.674663648458549758e+00
2.810409667639158560e+00
1.866131134509104061e+00
1.168355283395551503e+00
9.868582349073324878e-01
2.603972073734829085e+00
3.061885177272090530e+00
2.768088944128429318e+00
2.895352703969769959e+00
2.912663073850077833e+00
1.521883013147753427e+00
2.628451462779195946e+00
1.888269691978867737e+00
2.991811570726064407e+00
3.995603897775011681e+00
1.840029592904484312e+00
1.582480074980708640e+00
6.155743525116411652e-01
3.903931127480572805e+00
2.232913303849924702e+00
4.614183150341453654e+00
2.544511777080883164e+00
3.787545403673989508e+00
1.534356241961734701e+00
2.393374324847546752e+00
1.746119767290224889e+00
2.569941247892970182e+00
4.330923459337122416e+00
3.432962919284518133e+00
1.859426157586287154e+00
2.455855837787000340e+00
3.915332880290697481e+00
2.069384036884326150e+00
1.782175096049293694e+00
2.894279921267592925e+00
5.194197416463315342e-01
3.185723388158016700e+00
2.233110227253995994e+00
2.215851561213007415e+00
9.175523804277501583e+00
2.274509735796735210e+00
2.911582123794051569e+00
2.799934388029987620e+00
3.895560317649905624e+00
3.242771335241344755e+00
3.549259084544981846e+00
3.146163924601592221e+00
1.929580339129995048e+00
1.572627775592903676e+00
3.649330194280047568e+00
2.123296598760902487e+00
1.937049583249866647e+00
1.314790323559107854e+00
5.419997913150780278e+00
2.470774906944827709e+00
5.182018363404655048e+00
2.729906151029213301e+00
2.620312118587804662e+00
2.292350819227956471e+00
1.731223292500544853e+00
2.485063998555965714e+00
2.218128403185135600e+00
3.225249405943432901e+00
4.031635144994056397e+00
2.244374609934147280e+00
2.687185242684799746e+00
2.965260704971852235e+00
4.436927789386760246e+00
3.164329936643401009e+00
2.675352168575523049e+00
1.884093215934256715e+00
2.691184404354590942e+00
2.371732226650633546e+00
1.396536563612982507e+00
4.511949446646575268e+00
1.356684103655710016e+00
1.119858590080995198e+00
3.965556019555646738e+00
