0.000000000000000000e+00
2.000000000000000000e+00
4.000000000000000000e+00
6.000000000000000000e+00
8.000000000000000000e+00
1.000000000000000000e+01
1.100000000000000000e+01
1.200000000000000000e+01
1.350000000000000000e+01
1.500000000000000000e+01
1.750000000000000000e+01
1.800000000000000000e+01
1.850000000000000000e+01
1.900000000000000000e+01
1.980000000000000071e+01
2.010000000000000142e+01
2.050000000000000000e+01
2.069999999999999929e+01
2.080000000000000071e+01
2.069999999999999929e+01
2.060000000000000142e+01
2.039999999999999858e+01
2.000000000000000000e+01
2.019999999999999929e+01
2.000000000000000000e+01
1.980000000000000071e+01
1.980000000000000071e+01
1.980000000000000071e+01
1.950000000000000000e+01
1.900000000000000000e+01
1.800000000000000000e+01
1.769999999999999929e+01
1.750000000000000000e+01
1.730000000000000071e+01
1.719999999999999929e+01
1.700000000000000000e+01
1.719999999999999929e+01
1.750000000000000000e+01
1.780000000000000071e+01
1.800000000000000000e+01
1.810000000000000142e+01
1.819999999999999929e+01
1.830000000000000071e+01
1.830000000000000071e+01
1.819999999999999929e+01
1.800000000000000000e+01
1.780000000000000071e+01
1.750000000000000000e+01
1.719999999999999929e+01
1.700000000000000000e+01
1.650000000000000000e+01
1.500000000000000000e+01
1.400000000000000000e+01
1.300000000000000000e+01
1.100000000000000000e+01
1.000000000000000000e+01
9.000000000000000000e+00
7.500000000000000000e+00
5.000000000000000000e+00
3.500000000000000000e+00
3.000000000000000000e+00
1.000000000000000000e+00
5.000000000000000000e-01
0.000000000000000000e+00
